47.666666666666664
87.33333333333333
43.666666666666664
70.33333333333333
70.0
69.66666666666667
70.33333333333333
37.0
49.0
55.333333333333336
61.666666666666664
67.66666666666667
72.0
68.0
47.666666666666664
56.666666666666664
65.66666666666667
66.66666666666667
53.666666666666664
59.0
46.666666666666664
67.33333333333333
55.666666666666664
79.66666666666667
43.0
50.0
63.333333333333336
45.666666666666664
73.33333333333333
58.666666666666664
70.33333333333333
55.0
56.333333333333336
78.66666666666667
38.666666666666664
93.0
61.333333333333336
50.333333333333336
46.666666666666664
60.0
62.666666666666664
39.0
85.0
77.66666666666667
78.33333333333333
72.0
74.0
77.66666666666667
42.333333333333336
46.666666666666664
46.0
59.333333333333336
69.0
58.0
55.0
50.333333333333336
61.666666666666664
90.66666666666667
61.333333333333336
50.0
51.0
82.33333333333333
65.66666666666667
64.0
77.66666666666667
46.666666666666664
61.0
62.0
67.0
60.0
78.0
76.33333333333333
61.333333333333336
78.66666666666667
59.333333333333336
44.666666666666664
59.0
69.0
59.0
49.0
67.33333333333333
48.333333333333336
54.333333333333336
60.666666666666664
87.33333333333333
76.33333333333333
76.33333333333333
51.333333333333336
67.0
61.666666666666664
52.666666666666664
64.66666666666667
61.333333333333336
67.0
56.666666666666664
51.333333333333336
81.66666666666667
52.333333333333336
58.0
62.666666666666664
86.66666666666667
79.33333333333333
56.666666666666664
54.333333333333336
54.333333333333336
72.66666666666667
77.66666666666667
44.0
63.0
86.66666666666667
56.333333333333336
47.0
45.333333333333336
47.0
87.33333333333333
50.666666666666664
55.333333333333336
83.33333333333333
44.333333333333336
56.333333333333336
68.33333333333333
42.0
58.333333333333336
50.333333333333336
39.666666666666664
62.666666666666664
32.0
81.66666666666667
50.333333333333336
70.66666666666667
42.333333333333336
48.0
59.18939393939394 65.01515151515152 59.765151515151516